>GGGGCGGGRC	GGGGCGGGRC	8.202646	-33.915575	0	T:144.0(11.15%),B:5479.3(5.49%),P:1e-14
0.195	0.028	0.613	0.164
0.194	0.087	0.642	0.077
0.159	0.001	0.802	0.038
0.157	0.001	0.825	0.017
0.190	0.565	0.065	0.180
0.138	0.236	0.573	0.053
0.125	0.001	0.534	0.340
0.285	0.084	0.585	0.046
0.367	0.176	0.429	0.028
0.167	0.484	0.076	0.273
>RTGGATGRRT	RTGGATGRRT	7.654172	-3.719828	0	T:134.0(10.37%),B:8740.5(8.75%),P:1e-1
0.466	0.059	0.458	0.017
0.058	0.042	0.026	0.874
0.151	0.049	0.773	0.027
0.080	0.020	0.854	0.046
0.608	0.031	0.327	0.034
0.035	0.077	0.057	0.831
0.254	0.025	0.700	0.021
0.459	0.027	0.504	0.010
0.527	0.015	0.440	0.018
0.047	0.067	0.039	0.847
>CGGCCTGTGT	CGGCCTGTGT	10.578702	-7.472487	0	T:24.0(1.86%),B:867.4(0.87%),P:1e-3
0.001	0.893	0.001	0.105
0.244	0.001	0.754	0.001
0.218	0.001	0.780	0.001
0.001	0.997	0.001	0.001
0.193	0.680	0.126	0.001
0.111	0.001	0.001	0.887
0.221	0.001	0.777	0.001
0.169	0.001	0.001	0.829
0.001	0.001	0.997	0.001
0.001	0.001	0.001	0.997
>GGAAAGGAAT	GGAAAGGAAT	9.614190	-7.984230	0	T:48.0(3.72%),B:2173.3(2.18%),P:1e-3
0.001	0.123	0.875	0.001
0.001	0.260	0.738	0.001
0.887	0.001	0>CCACCCACCCAT	CCACCCACCCAT	6.417477	-4.603942	0	T:49.0(7.41%),B:5202.6(5.23%),P:1e-1
0.001	0.817	0.001	0.181
0.001	0.997	0.001	0.001
0.997	0.001	0.001	0.001
0.001	0.913	0.033	0.05>TAGGCGGGGC	TAGGCGGGGC	10.169320	-25.009151	0	T:100.0(7.74%),B:3715.2(3.72%),P:1e-10
0.001	0.001	0.228	0.770
0.901	0.001	0.097	0.001
0.001	0.001	0.997	0.001
0.001	0.001	0.997	0.001
0.001	0.885	0>GTTTGGGGCACA	GTTTGGGGCACA	12.355432	-2.420927	0	T:1.0(0.15%),B:14.0(0.01%),P:1e-1
0.100	0.100	0.700	0.100
0.100	0.100	0.100	0.700
>TGCACACAGA	TGCACACAGA	7.505620	-8.028627	0	T:22.0(1.70%),B:732.6(0.73%),P:1e-3
0.001	0.001	0.001	0.997
0.001	0.001	0.997	0.001
0.001	0.939	0.001	0.059
0.997	0.001	0.001	0.001
0.001	0.982	0.001	0.016
0.983	0.001	0.015	0.001
0.001	0.997	0.00>CCACAAACAGGA	CCACAAACAGGA	12.355432	-5.020820	0	T:2.0(0.30%),B:18.3(0.02%),P:1e>GGGGCGGAGT	GGGGCGGAGT	6.616619	-26.619317	0	T:210.0(16.25%),B:10001.1(10.01%),P:1e-11
0.001	0.001	0.984	0.014
0.001	0.001	0.997	0.001
0.001	0.001	0.997	0.001
0.001	0.001	0.997	0.001
0.001	0.925	0.001	0.073
0.001	0.001	0.997	0.001
0.001	0.001	0.997	0.001
0.877	0.001	0.121	0.001
0.001	0.001	>GACACTGACCAC	GACACTGACCAC	12.355432>GTGTGTGTGT	GTGTGTGTGT	8.242864	-4.697977	0	T:184.0(14.24%),B:12007.9(12.02%),P:1e-2
0.130	0.001	0.868	0.001
0.063	0.272	0.001	0.664
0.069	0.001	0.929	0.001
0.155	0.091	0.001	0.753
0.173	0.001	0.825	0.001
0.165	0.227	0.001	0.607
0.080	0.085	0.764	0.071
0.137	0.001	0.001	0.861
0.002	0.001	0.996	0.001
0.001	0.325	0.001	0.673
>TGATTGGCTG	TGATTGGCTG	7.249314	-20.585996	0	T:160.0(12.38%),B:7578.1(7.59%),P:1e-8
0.056	0.118	0.083	0.743
0.070	0.082	0.746	0.102
0.772	0.080	0.088	0.060
0.053	0.045	0.061	0.841
0.037	0.046	0.072	0.845
0.047	0.045	0.866	0.042
0.066	0.087	0.803	0.044
0.089	0.793	0.059	0.059
0.069	0.074	0.035	0.822
0.062	0.078	0.777	0.083
>CCRCGAACAG	CCRCGAACAG	8.208960	-14.187877	0	T:33.0(2.55%),B:954.9(0.96%),P:1e-6
0.015	0.618	0.035	0.332
0.174	0.587	0.061	0.178
0.403	0.074	0.522	0.001
0.106	0.815	0.001	0.078
0.330	0.015	0.608	0.047
0.946	0.026	0.014	0.014
0.861	0.024	0.040	0.075
0.098	0.724	0.092	0.086
0.525	0.371	0.059	0.045
0.284	0.119	0.527	0.070
>TCAWTGTBTC	TCAWTGTBTC	8.242682	-14.646836	0	T:43.0(3.33%),B:1409.4(1.41%),P:1e-6
0.097	0.020	0.106	0.777
0.008	0.719	0.272	0.001
0.628	0.006	0.295	0.071
0.305	0.001	0.245	0.449
0.012	0.132	0.001	0.855
0.187	0.211	0.418	0.183
0.191	0.101	0.272	0.436
0.001	0.417	0.312	0.270
0.152	0.001	0.001	0.846
0.005	0.829	0.008	0.158
>GCCG>TTCCGGTCAC	TTCCGGTCAC	6.554550	-19.057165	0	T:438.0(33.85%),B:26189.1(26.61%),P:1e-8
0.027	0.101	0.013	0.859
0.011	0.100	0.079	0.810
0.051	0.817	0.077	0.055
0.092	0.806	0.052	0.050
0.076	0.067	0.716	0.141
0.024	0.072	0.823	0.081
0.030	0.114	0.053	0.803
0.063	0.829	0.091	0.017
0.737	0.127	0.048	0.088
0.027	0.813	0.094	0.066
>GTGGGYGGAG	GTGGGYGGAG	11.570500	-27.054577	0	T:56.0(4.33%),B:1428.9(1.45%),P:1e-11
0.001	0.001	0.997	0.001
0.001	0.001	0.001	0.997
0.334	0.001	0.581	0.084
0.001	0.003	0.995	0.001
0.060	0.001	0.938	0.001
0.001	0.001
0.001	0.001	0.997	0.001
0.997	0.001	0.001	0.001
0.001	0.001	0.997	0.001
0.997	0.001	0.001	0.001
>TCTGGAGCCA	TCTGGAGCCA	9.164177	-17.644917	0	T:88.0(6.81%),B:3604.6(3.61%),P:1e-7
0.211	0.122	0.254	0.414
0.007	0.881	0.001	0.111
0.102	0.022	0.040	0.836
0.052	0.110	0.757	0.081
0.015	0.038	0.902	0.045
0.674	0.021	0.299	0.006
0.088	0.213	0.636	0.063
0.101	0.575	0.194	0.130
0.035	0.925	0.033	0.007
0.651	0.222	0.083	0.044
>ATATATATAT	ATATATATAT	10.296193	-1.613788	0	T:16.0(1.24%),B:972.9(0.97%),P:1e0
0.700	0.100	0.100	0.100
0.100	0.100	0.100	0.700
0.700	0.100	0.100	0.100
0.100	0.100	0.100	0.700
0.700	0.100	0.100	0.100
0.100	0.100	0.100	0.700
0.700	0.100	0.100	0.100
0.100	0.100	0.100	0.700
0.700	0.100	0.100	0.100
0.100	0.100	0.100	0.700
>GYACTACAAT	GYACTACAAT	8.519633	-28.187642	0	T:53.0(4.10%),B:1283.1(1.28%),P:1e-12
0.001	0.001	0.997	0.001
0.122	0.429	0.128	0.322
0.950	0.001	0.048	0.001
0.187	0.639	0.173	0.001
0.145	0.028	0.154	0.673
0.720	0.177	0.040	0.063
0.160	0.653	0.022	0.165
0.674	0.051	0.001	0.274
0.590	0.349	0.060	0.001
0.155	0.001	0.015	0.829
>GCAAGGGCCC	GCAAGGGCCC	10.742522	-13.320022	0	T:30.0(2.32%),B:855.7(0.86%),P:1e-5
0.126	0.001	0.872	0.001
0.001	0.997	0.001	0.001
0.908	0.001	0.001	0.090
0.997	0.001	0.001	0.001
0.001	0.001	0.604	0.394
0.001	0.001	0.997	0.001
0.001	0.001	0.997	0.001
0.001	0.997	0.001	0.001
0.001	0.997	0.001	0.001
0.001	0.997	0.001	0.001
>TCTGAGTCAC	TCTGAGTCAC	9.555372	-19.253464	0	T:77.0(5.96%),B:2879.0(2.88%),P:1e-8
0.001	0.252	0.001	0.746
0.001	0.997	0.001	0.001
0.001	0.197	0.001	0.801
0.023	0.042	0.934	0.001
0.997	0.001	0.001	0.001
0.034	0.313	0.521	0.132
0.001	0.001	0.284	0.714
0.369	0.629	0.001	0.001
0.874	0.001	0.001	0.124
0.001	0.997	0.001	0.001
>TAYGGGGCAC	TAYGGGGCAC	11.232166	-8.710193	0	T:13.0(1.01%),B:294.8(0.30%),P:1e-3
0.381	0.001	0.001	0.617
0.786	0.001	0.001	0.212
0.041	0.419	0.001	0.539
0.001	0.001	0.976	0.022
0.001	0.001	0.997	0.001
0.001	0.001	0.890	0.108
0.039	0.001	0.900	0.060
0.071	0.802	0.086	0.041
0.921	0.001	0.077	0.001
0.001	0.997	0.001	0.001
>CGCCAGCATT	CGCCAGCATT	10.056750	-7.012539	0	T:11.0(0.85%),B:267.5(0.27%),P:1e-3
0.001	0.997	0.001	0.001
0.001	0.001	0.997	0.001
0.140	0.858	0.001	0.001
0.001	0.997	0.001	0.001
0.997	0.001	0.001	0.001
0.097	0.001	0.901	0.001
0.001	0.997	0.001	0.001
0.997	0.001	0.001	0.001
0.001	0.180	0.001	0.818
0.001	0.001	0.001	0.997
>ACAACTGAGG	ACAACTGAGG	6.829622	-20.887825	0	T:360.0(27.86%),B:20751.5(20.78%),P:1e-9
0.788	0.057	0.080	0.075
0.074	0.799	0.075	0.052
0.781	0.093	0.085	0.041
0.826	0.057	0.057	0.060
0.079	0.842	0.072	0.007
0.018	0.017	0.085	0.880
0.081	0.086	0.754	0.079
0.780	0.084	0.084	0.052
0.127	0.101	0.740	0.032
0.038	0.092	0.810	0.060
>GCCACTGTAT	GCCACTGTAT	7.378640	-18.482270	0	T:160.0(12.38%),B:7820.4(7.83%),P:1e-8
0.032	0.022	0.872	0.074
0.049	0.757	0.080	0.114
0.059	0.872	0.024	0.045
0.801	0.081	0.049	0.069
0.119	0.719	0.101	0.061
0.180	0.021	0.054	0.745
0.089	0.074	0.770	0.067
0.054	0.069	0.062	0.815
0.816	0.115	0.042	0.027
0.069	0.023	0.061	0.847
>TGGTGTGWCA	TGGTG>CATGACGCAC	CATGACGCAC	9.366208	-19.976480	0	T:34.0(2.63%),B:767.8(0.78%),P:1e-8
0.092	0.858	0.049	0.001
0.859	0.070	0.001	0.070
0.039	0.036	0.001	0.924
0.001	0.001	0.916	0.082
0.934	0.001	0.001	0.064
0.043	0.923	0.001	0.033
0.050	0.018	0.834	0.098
0.001	0.997	0.001	0.001
0.997	0.001	0.001	0.001
0.083	0.809	0.025	0.083
>GAGGATTAGT	GAGGATTAGT	7.441994	-24.893638	0	T:120.0(9.27%),B:4742.8(4.82%),P:1e-10
0.059	0.054	0.830	0.057
0.871	0.013	0.095	0.021
0.056	0.064	0.835	0.045
0.081	0.087	0.775	0.057
0.734	0.101	0.112	0.053
0.071	0.060	0.066	0.803
0.136	0.071	0.058	0.735
0.829	0.011	0.104	0.056
0.082	0.075	0.795	0.048
0.050	0.035	0.114	0.801
>AAAAAAAAAA	AAAAAAAAAA	10.296193	-0.958248	0	T:226.0(17.47%),B:16855.2(17.12%),P:1e0
0.700	0.100	0.100	0.100
0.700	0.100	0.100	0.100
0.700	0.100	0.100	0.100
0.700	0.100	0.100	0.100
0.700	0.100	0.100	0.100
0.700	0.100	0.100	0.100
0.700	0.100	0.100	0.100
0.700	0.100	0.100	0.100
0.700	0.100	0.100	0.100
0.700	0.100	0.100	0.100
001
0.997	0.001	0.001	0.001
0.001	0.001	0.001	0.997
0.001	0.895	0.001	0.103
0.001	0.001	0.001	0.997
>AGATGTCTTAAT	AGATGTCTTAAT	9.292143	-17.624968	0	T:36.0(5.45%),B:1857.2(1.87%),P:1e-7
0.887	0.001	0.111	0.001
0.082	0.001	0.784	0.133
0.959	0.001	0.001	0.039
0.044	0.001	0.064	0.891
0.001	0.076	0.887	0.036
0.149	0.048	0.020	0.783
0.093	0.745	0.053	0.109
0.030	0.190	0.056	0.724
0.056	0.001	0.038	0.905
0.799	0.135	0.001	0.065
0.806	0.001	0.001	0.192
0.118	0.001	0.043	0.838
>GCCCTTAGTTTC	GCCCTTAGTTTC	9.370081	-18.782201	0	T:43.0(6.51%),B:2378.3(2.39%),P:1e-8
0.063	0.104	0.773	0.060
0.044	0.760	0.141	0.055
0.001	0.993	0.001	0.005
0.055	0.819	0.063	0.063
0.079	0.001	0.055	0.865
0.001	0.029	0.175	0.795
0.822	0.069	0.069	0.040
0.106	0.036	0.725	0.133
0.001	0.227	0.001	0.771
0.001	0.052	0.063	0.884
0.001	0.131	0.001	0.867
0.062	0.936	0.001	0.001
>AAACACTGCGGA	AAACACTGCGGA	10.753404	-15.688579	0	T:18.0(2.72%),B:588.5(0.59%),P:1e-6
0.926	0.001	0.001	0.072
0.817	0.055	0.125	0.003
0.889	0.001	0.109	0.001
0.104	0.894	0.001	0.001
0.953	0.001	0.001	0.045
0.001	0.844	0.154	0.001
0.001	0.001	0.001	0.997
0.105	0.051	0.843	0.001
0.126	0.768	0.104	0.002
0.315	0.105	0.520	0.060
0.001	0.125	0.873	0.001
0.688	0.102	0.105	0.105
