>CACACACACACA	CACACACACACA	9.007455	-115.970773	0	T:780.0(3.90%),B:2002.6(2.18%),P:1e-50
0.038	0.871	0.051	0.040
0.839	0.048	0.044	0.069
0.045	0.862	0.045	0.048
0.823	0.040	0.088	0.049
0.043	0.835	0.071	0.051
0.774	0.047	0.123	0.056
0.044	0.788	0.071	0.097
0.806	0.049	0.082	0.063
0.024	0.877	0.056	0.043
0.847	0.061	0.045	0.047
0.032	0.836	0.076	0.056
0.841	0.067	0.031	0.061
>RGGAAAAAAAAV	RGGAAAAAAAAV	4.800999	-87.704546	0	T:10863.0(54.32%),B:45641.8(49.73%),P:1e-38
0.348	0.141	0.348	0.164
0.335	0.052	0.504	0.109
0.333	0.106	0.505	0.056
0.567	0.081	0.303	0.049
0.619	0.047	0.317	0.017
0.669	0.057	0.246	0.028
0.622	0.065	0.267	0.046
0.617	0.064	0.280	0.039
0.637	0.074	0.251	0.038
0.617	0.102	0.244	0.037
0.556	0.093	0.293	0.058
0.349	0.201	0.345	0.105
>GGCGGCRGCGGC	GGCGGCRGCGGC	8.666568	-119.544483	0	T:4691.0(23.46%),B:17537.7(19.11%),P:1e-51
0.282	0.001	0.716	0.001
0.034	0.099	0.866	0.001
0.176	0.611	0.001	0.212
0.263	0.001	0.735	0.001
0.035	0.024	0.940	0.001
0.025	0.802	0.090	0.083
0.364	0.140	0.388	0.107
0.001	0.001	0.997	0.001
0.044	0.835	0.001	0.120
0.241	0.238	0.520	0.001
0.197	0.001	0.726	0.076
0.087	0.813	0.001	0.099
>GGGGGCGGGGCC	GGGGGCGGGGCC	9.407512	-176.777802	0	T:2913.0(14.56%),B:9492.4(10.34%),P:1e-76
0.291	0.094	0.508	0.107
0.176	0.001	0.597	0.226
0.221	0.001	0.777	0.001
0.001	0.001	0.997	0.001
0.001	0.035	0.963	0.001
0.001	0.903	0.001	0.095
0.001	0.001	0.997	0.001
0.001	0.001	0.794	0.204
0.001	0.001	0.997	0.001
0.198	0.127	0.674	0.001
0.020	0.978	0.001	0.001
0.171	0.607	0.001	0.221
>TCATTCATTCAT	TCATTCATTCAT	2.973970	-121.535074	0	T:10518.0(52.59%),B:43287.5(47.16%),P:1e-52
0.032	0.148	0.018	0.802
0.014	0.755	0.081	0.150
0.776	0.100	0.062	0.062
0.023	0.295	0.033	0.649
0.005	0.150	0.033	0.812
0.014	0.833	0.029	0.124
0.793	0.130	0.018	0.059
0.015	0.145	0.014	0.826
0.009	0.082	0.014	0.895
0.023	0.795	0.054	0.128
0.565	0.307	0.050	0.078
0.138	0.219	0.044	0.599
>AAACTGAGGCTA	AAACTGAGGCTA	10.014221	-87.689040	0	T:297.0(1.49%),B:578.6(0.63%),P:1e-38
0.888	0.062	0.032	0.018
0.891	0.077	0.020	0.012
0.883	0.025	0.074	0.018
0.045	0.828	0.076	0.051
0.024	0.076	0.029	0.871
0.018	0.043	0.909	0.030
0.906	0.035	0.041	0.018
0.054	0.018	0.910	0.018
0.066	0.036	0.874	0.024
0.030	0.854	0.047	0.069
0.067	0.225	0.060	0.648
0.539	0.219	0.103	0.139
>GGGAATTGTAGT	GGGAATTGTAGT	9.483883	-77.415693	0	T:317.0(1.58%),B:676.0(0.74%),P:1e-33
0.071	0.012	0.893	0.024
0.012	0.012	0.975	0.001
0.061	0.001	0.903	0.035
0.884	0.017	0.075	0.024
0.518	0.207	0.163	0.112
0.180	0.069	0.058	0.693
0.012	0.060	0.108	0.820
0.047	0.001	0.933	0.019
0.067	0.183	0.038	0.712
0.916	0.001	0.071	0.012
0.012	0.036	0.873	0.079
0.001	0.019	0.160	0.820
>GCCAGGGCCTGG	GCCAGGGCCTGG	6.635741	-101.595680	0	T:10967.0(54.84%),B:45787.0(49.89%),P:1e-44
0.066	0.088	0.763	0.083
0.077	0.738	0.117	0.068
0.061	0.796	0.070	0.073
0.672	0.111	0.118	0.099
0.076	0.081	0.773	0.070
0.090	0.089	0.744	0.077
0.073	0.109	0.750	0.068
0.072	0.769	0.091	0.068
0.060	0.769	0.090	0.081
0.090	0.109	0.110	0.691
0.075	0.080	0.772	0.073
0.080	0.093	0.763	0.064
>TGGAGACTGGAG	TGGAGACTGGAG	7.361318	-71.631732	0	T:1957.0(9.79%),B:6895.5(7.51%),P:1e-31
0.086	0.050	0.087	0.777
0.038	0.048	0.847	0.067
0.032	0.053	0.890	0.025
0.800	0.051	0.098	0.051
0.060	0.029	0.886	0.025
0.741	0.121	0.066	0.072
0.030	0.873	0.050	0.047
0.051	0.062	0.082	0.805
0.044	0.050	0.865	0.041
0.037	0.060	0.864	0.039
0.818	0.079	0.067	0.036
0.060	0.041	0.836	0.063
>VGGGTCACGTGA	VGGGTCACGTGA	7.564686	-45.052637	0	T:523.0(2.61%),B:1570.0(1.71%),P:1e-19
0.281	0.245	0.334	0.140
0.142	0.257	0.411	0.191
0.001	0.035	0.888	0.076
0.133	0.050	0.793	0.024
0.001	0.001	0.001	0.997
0.156	0.747	0.005	0.092
0.985	0.001	0.001	0.013
0.122	0.781	0.001	0.096
0.037	0.001	0.936	0.026
0.032	0.017	0.001	0.950
0.147	0.128	0.542	0.183
0.565	0.149	0.147	0.139
>CCCCAGCCCAAA	CCCCAGCCCAAA	6.338421	-101.375683	0	T:5874.0(29.37%),B:22953.7(25.01%),P:1e-44
0.027	0.875	0.024	0.074
0.007	0.918	0.045	0.030
0.089	0.831	0.022	0.058
0.064	0.874	0.037	0.025
0.797	0.059	0.051	0.093
0.032	0.120	0.793	0.055
0.041	0.895	0.056	0.008
0.064	0.876	0.022	0.038
0.071	0.871	0.015	0.043
.088	0.818
0.047	0.829	0.046	0.078
0.088	0.754	0.077	0.081
0.075	0.064	0.812	0.049
0.056	0.082	0.776	0.086
0.821	0.062	0.074	0.043
0.755	0.080	0.097	0.068
0.746	0.084	0.079	0.091
>TTTCCACCCC	TTTCCACCCC	5.767551	-197.782085	0	T:8029.0(40.14%),B:25668.5(33.48%),P:1e-85
0.012	0.142	0.049	0.797
0.050	0.177	0.016	0.757
0.058	0.205	0.016	0.721
0.038	0.828	0.005	0.129
0.151	0.782	0.007	0.060
0.656	0.079	0.172	0.093
0.069	0.822	0.076	0.033
0.033	0.793	0.082	0.092
0.109	0.828	0.003	0.060
0.093	0.812	0.004	0.091
>TCTGACGTAA	TCTGACGTAA	5.036625	-70.342875	0	T:1350.0(6.75%),B:3747.6(4.89%),P:1e-30
0.099	0.102	0.125	0.674
0.080	0.709	0.113	0.098
0.100	0.104	0.094	0.702
0.092	0.109	0.730	0.069
0.675	0.108	0.110	0.107
0.101	0.691	0.122	0.086
0.072	0.108	0.734	0.086
0.105	0.101	0.112	0.682
0.664	0.125	0.124	0.087
0.741	0.088	0.108	0.063
>CGCNCTCAAA	CGCNCTCAAA	5.443552	-119.973764	0	T:5454.0(27.27%),B:17369.8(22.65%),P:1e-52
0.057	0.767	0.087	0.089
0.048	0.070	0.819	0.063
0.076	0.788	0.069	0.067
0.229	0.289	0.275	0.206
0.063	0.782	0.075	0.080
0.068	0.076	0.087	0.769
0.062	0.801	0.067	0.070
0.764	0.106	0.044	0.086
0.753	0.072	0.104	0.071
0.759	0.098	0.069	0.074
>TACAATTCCC	TACAATTCCC	9.660160	-84.066675	0	T:166.0(0.83%),B:196.5(0.26%),P:1e-36
0.001	0.028	0.001	0.970
0.956	0.012	0.031	0.001
0.001	0.967	0.001	0.031
0.990	0.001	0.008	0.001
0.833	0.001	0.059	0.107
0.023	0.303	0.001	0.673
0.001	0.001	0.001	0.997
0.001	0.975	0.013	0.011
0.005	0.993	0.001	0.001
0.001	0.971	0.005	0.023
>CTGGTAGCGT	CTGGTAGCGT	4.813893	-90.671091	0	T:4176.0(20.88%),B:13234.0(17.26%),P:1e-39
0.042	0.826	0.032	0.100
0.078	0.081	0.091	0.750
0.077	0.055	0.808	0.060
0.042	0.088	0.833	0.037
0.082	0.024	0.077	0.817
0.761	0.095	0.065	0.079
0.081	0.035	0.810	0.074
0.072	0.769	0.082	0.077
0.028	0.075	0.833	0.064
0.072	0.074	0.061	0.793
>CCAATCAGTA	CCAATCAGTA	5.497728	-59.327489	0	T:918.0(4.59%),B:2445.7(3.19%),P:1e-25
0.109	0.625	0.138	0.128
0.165	0.600	0.118	0.117
0.691	0.170	0.044	0.09>TGTGACCTTGGG	TGTGACCTTGGG	9.671077	-71.863892	0	T:288.0(1.44%),B:608.4(0.66%),P:1e-31
0.051	0.116	0.106	0.727
0.001	0.017	0.866	0.116
0.091	0.164	0.154	0.591
0.001	0.265	0.733	0.001
0.644	0.151	0.204	0.001
0.034	0.796	0.131	0.039
0.001	0.825	0.091	0.083
0.111	0.086	0.009	0.794
0.001	0.022	0.007	0.970
0.017	0.040	0.848	0.095
0.136	0.019	0.844	0.001
0.172	0.242	0.498	0.088
>GCCTGAGAGCGG	GCCTGAGAGCGG	7.253253	-61.073692	0	T:1857.0(9.29%),B:6640.2(7.23%),P:1e-26
0.088	0.104	0.730	0.078
0.077	0.755	0.089	0.079
0.063	0.785	0.083	0.069
0.110	0.082	0.098	0.710
0.057	0.064	0.825	0.054
0.719	0.089	0.108	0.084
0.085	0.093	0.793	0.029
0.726	0.077	0.122	0.075
0.080	0.104	0.753	0.063
0.106	0.703	0.109	0.082
0.109	0.072	0.713	0.106
0.065	0.090	0.790	0.055
>GAGGGCGGGCTT	GAGGGCGGGCTT	8.247834	-52.633655	0	T:496.0(2.48%),B:1411.1(1.54%),P:1e-22
0.082	0.163	0.668	0.087
0.545	0.108	0.175	0.172
0.098	0.085	0.739	0.078
0.099	0.097	0.715	0.089
0.136	0.173	0.606	0.085
0.150	0.582	0.125	0.143
0.127	0.110	0.606	0.157
0.107	0.110	0.703	0.080
0.119	0.129	0.663	0.089
0.084	0.638	0.161	0.117
0.182	0.114	0.154	0.550
0.092	0.148	0.174	0.586
>GTGACGTCACTG	GTGACGTCACTG	7.658414	-40.918986	0	T:869.0(4.35%),B:2940.0(3.20%),P:1e-17
0.064	0.085	0.793	0.058
0.081	0.110	0.148	0.661
0.032	0.088	0.874	0.006
0.727	0.088	0.141	0.044
0.107	0.569	0.196	0.128
0.079	0.142	0.688	0.091
0.071	0.141	0.102	0.686
0.003	0.907	0.041	0.049
0.720	0.177	0.048	0.055
0.015	0.881	0.095	0.009
0.138	0.130	0.066	0.666
0.027	0.068	0.845	0.060
>CGTTTTACAGAT	CGTTTTACAGAT	9.589260	-40.994944	0	T:111.0(0.56%),B:195.9(0.21%),P:1e-17
0.059	0.763	0.071	0.107
0.227	0.083	0.654	0.036
0.012	0.072	0.043	0.873
0.012	0.036	0.024	0.928
0.024	0.024	0.059	0.893
0.012	0.109	0.036	0.843
0.783	0.107	0.038	0.072
0.095	0.822	0.047	0.036
0.941	0.023	0.035	0.001
0.071	0.029	0.899	0.001
0.755	0.095	0.051	0.099
0.024	0.090	0.036	0.850
>WGTGCGATCCTR	WGTGCGATCCTR	5.582160	-40.104291	0	T:2818.0(14.09%),B:11070.8(12.06%),P:1e-17
0.340	0.248	0.012	0.399
0.005	0.279	0.715	0.001
0.010	0.015	0.357	0.618
0.001	0.001	0.994	0.004
0.317	0.626	0.047	0.010
0.015	0.013	0.767	0.205
0.579	0.025	0.010	0.386
0.344	0.018	0.030	0.608
0.149	0.483	0.042	0.326
0.001	0.839	0.155	0.005
0.015	0.399	0.001	0.585
0.232	0.222	0.377	0.169
>CCCTCCCCCTGA	CCCTCCCCCTGA	8.675315	-70.304870	0	T:1158.0(5.79%),B:3738.8(4.07%),P:1e-30
0.036	0.875	0.063	0.026
0.053	0.864	0.040	0.043
0.046	0.895	0.021	0.038
0.044	0.012	0.097	0.847
0.037	0.868	0.039	0.056
0.054	0.819	0.052	0.075
0.087	0.782	0.057	0.074
0.043	0.841	0.071	0.045
0.025	0.855	0.052	0.068
0.016	0.080	0.050	0.854
0.057	0.079	0.781	0.083
0.723	0.115	0.065	0.097
>GAGGCGTGAAGT	GAGGCGTGAAGT	13.461291	-22.449879	0	T:13.0(0.07%),B:5.5(0.01%),P:1e-9
0.001	0.001	0.997	0.001
0.997	0.001	0.001	0.001
0.001	0.001	0.997	0.001
0.217	0.217	0.565	0.001
0.001	0.997	0.001	0.001
0.001	0.001	0.997	0.001
0.001	0.001	0.124	0.874
0.001	0.001	0.997	0.001
0.997	0.001	0.001	0.001
0.997	0.001	0.001	0.001
0.216	0.001	0.782	0.001
0.216	0.001	0.001	0.782
>ATAAAAAAAAAA	ATAAAAAAAAAA	-5.490467	-8.178843	0	T:10249.0(51.24%),B:45913.3(50.02%),P:1e-3
0.853	0.031	0.031	0.085
0.001	0.007	0.001	0.991
0.815	0.092	0.001	0.092
0.997	0.001	0.001	0.001
0.782	0.001	0.030	0.187
0.866	0.123	0.001	0.010
0.670	0.030	0.001	0.299
0.778	0.041	0.031	0.150
0.777	0.092	0.031	0.100
0.888	0.001	0.061	0.050
0.857	0.031	0.031	0.081
0.732	0.030	0.001	0.237
