>CGCCCCGGTGCC	CGCCCCGGTGCC	10.409522	-948.313514	0	T:272.0(0.70%),B:2.1(0.01%),P:1e-411
0.100	0.700	0.100	0.100
0.100	0.100	0.700	0.100
0.100	0.700	0.100	0.100
0.100	0.700	0.100	0.100
0.100	0.700	0.100	0.100
0.100	0.700	0.100	0.100
0.100	0.100	0.700	0.100
0.100	0.100	0.700	0.100
0.100	0.100	0.100	0.700
0.100	0.100	0.700	0.100
0.100	0.700	0.100	0.100
0.100	0.700	0.100	0.100
>TCCGGGCGGCGC	TCCGGGCGGCGC	10.409522	-855.351008	0	T:251.0(0.65%),B:2.6(0.01%),P:1e-371
0.100	0.100	0.100	0.700
0.100	0.700	0.100	0.100
0.100	0.700	0.100	0.100
0.100	0.100	0.700	0.100
0.100	0.100	0.700	0.100
0.100	0.100	0.700	0.100
0.100	0.700	0.100	0.100
0.100	0.100	0.700	0.100
0.100	0.100	0.700	0.100
0.100	0.700	0.100	0.100
0.100	0.100	0.700	0.100
0.100	0.700	0.100	0.100
>CGCCTCGGCGGG	CGCCTCGGCGGG	10.409522	-932.010612	0	T:232.0(0.60%),B:0.7(0.00%),P:1e-404
0.100	0.700	0.100	0.100
0.100	0.100	0.700	0.100
0.100	0.700	0.100	0.100
0.100	0.700	0.100	0.100
0.100	0.100	0.100	0.700
0.100	0.700	0.100	0.100
0.100	0.100	0.700	0.100
0.100	0.100	0.700	0.100
0.100	0.700	0.100	0.100
0.100	0.100	0.700	0.100
0.100	0.100	0.700	0.100
0.100	0.100	0.700	0.100
>GTGTGTGTGTGT	GTGTGTGTGTGT	6.907152	-335.288403	0	T:5577.0(14.37%),B:2512.5(10.20%),P:1e-145
0.060	0.113	0.772	0.055
0.062	0.113	0.293	0.532
0.043	0.061	0.876	0.020
0.056	0.081	0.205	0.658
0.038	0.065	0.884	0.013
0.044	0.104	0.148	0.704
0.023	0.086	0.878	0.013
0.025	0.095	0.173	0.707
0.038	0.079	0.854	0.029
0.054	0.110	0.218	0.618
0.044	0.070	0.822	0.064
0.046	0.180	0.307	0.466
>GCCCCCTCCGCG	GCCCCCTCCGCG	10.409522	-827.750826	0	T:414.0(1.07%),B:14.2(0.06%),P:1e-359
0.100	0.100	0.700	0.100
0.100	0.700	0.100	0.100
0.100	0.700	0.100	0.100
0.100	0.700	0.100	0.100
0.100	0.700	0.100	0.100
0.100	0.700	0.100	0.100
0.100	0.100	0.100	0.700
0.100	0.700	0.100	0.100
0.100	0.700	0.100	0.100
0.100	0.100	0.700	0.100
0.100	0.700	0.100	0.100
0.100	0.100	0.700	0.100
>GGGGTCCGGCCG	GGGGTCCGGCCG	11.335103	-1323.338918	0	T:308.0(0.79%),B:0.4(0.00%),P:1e-574
0.024	0.051	0.903	0.022
0.019	0.029	0.938	0.014
0.023	0.060	0.908	0.009
0.030	0.132	0.802	0.036
0.060	0.277	0.142	0.521
0.005	0.922	0.047	0.026
0.044	0.813	0.056	0.087
0.031	0.070	0.866	0.033
0.008	0.044	0.940	0.008
0.018	0.751	0.223	0.008
0.018	0.757	0.159	0.066
0.023	0.063	0.878	0.036
>CGCCCGACCCGG	CGCCCGACCCGG	10.409522	-763.107658	0	T:253.0(0.65%),B:3.5(0.01%),P:1e-331
0.100	0.700	0.100	0.100
0.100	0.100	0.700	0.100
0.100	0.700	0.100	0.100
0.100	0.700	0.100	0.100
0.100	0.700	0.100	0.100
0.100	0.100	0.700	0.100
0.700	0.100	0.100	0.100
0.100	0.700	0.100	0.100
0.100	0.700	0.100	0.100
0.100	0.700	0.100	0.100
0.100	0.100	0.700	0.100
0.100	0.100	0.700	0.100
>GCGCCCGCGGCA	GCGCCCGCGGCA	10.409522	-827.994454	0	T:211.0(0.54%),B:0.0(0.00%),P:1e-359
0.100	0.100	0.700	0.100
0.100	0.700	0.100	0.100
0.100	0.100	0.700	0.100
0.100	0.700	0.100	0.100
0.100	0.700	0.100	0.100
0.100	0.700	0.100	0.100
0.100	0.100	0.700	0.100
0.100	0.700	0.100	0.100
0.100	0.100	0.700	0.100
0.100	0.100	0.700	0.100
0.100	0.700	0.100	0.100
0.700	0.100	0.100	0.100
>TCCCGCGGGGCG	TCCCGCGGGGCG	10.409522	-823.092032	0	T:210.0(0.54%),B:1.5(0.01%),P:1e-357
0.100	0.100	0.100	0.700
0.100	0.700	0.100	0.100
0.100	0.700	0.100	0.100
0.100	0.700	0.100	0.100
0.100	0.100	0.700	0.100
0.100	0.700	0.100	0.100
0.100	0.100	0.700	0.100
0.100	0.100	0.700	0.100
0.100	0.100	0.700	0.100
0.100	0.100	0.700	0.100
0.100	0.700	0.100	0.100
0.100	0.100	0.700	0.100
>CGCCCCCCCGGC	CGCCCCCCCGGC	11.967461	-1325.920764	0	T:354.0(0.91%),B:2.6(0.01%),P:1e-575
0.001	0.995	0.003	0.001
0.001	0.004	0.991	0.004
0.001	0.997	0.001	0.001
0.001	0.887	0.098	0.014
0.001	0.850	0.098	0.051
0.021	0.725	0.180	0.074
0.004	0.847	0.114	0.035
0.001	0.906	0.065	0.028
0.030	0.968	0.001	0.001
0.024	0.011	0.964	0.001
0.001	0.098	0.895	0.006
0.001	0.994	0.004	0.001
>CGGGTCTGGGCG	CGGGTCTGGGCG	10.409522	-591.836255	0	T:189.0(0.49%),B:2.3(0.01%),P:1e-257
0.100	0.700	0.100	0.100
0.100	0.100	0.700	0.100
0.100	0.100	0.700	0.100
0.100	0.100	0.700	0.100
0.100	0.100	0.100	0.700
0.100	0.700	0.100	0.100
0.100	0.100	0.100	0.700
0.100	0.100	0.700	0.100
0.100	0.100	0.700	0.100
0.100	0.100	0.700	0.100
0.100	0.700	0.100	0.100
0.100	0.100	0.700	0.100
>GGGCGGCGCGCG	GGGCGGCGCGCG	11.811649	-1766.822496	0	T:390.0(1.00%),B:0.0(0.00%),P:1e-767
0.001	0.154	0.844	0.001
0.001	0.001	0.997	0.001
0.204	0.221	0.564	0.011
0.097	0.799	0.103	0.001
0.044	0.097	0.858	0.001
0.001	0.282	0.716	0.001
0.033	0.791	0.156	0.020
0.001	0.055	0.943	0.001
0.001	0.979	0.019	0.001
0.001	0.019	0.979	0.001
0.017	0.965	0.017	0.001
0.001	0.023	0.975	0.001
>CCGGGGCCGCCG	CCGGGGCCGCCG	12.684410	-1866.642617	0	T:408.0(1.05%),B:0.7(0.00%),P:1e-810
0.001	0.892	0.106	0.001
0.001	0.824	0.024	0.151
0.017	0.001	0.981	0.001
0.033	0.343	0.623	0.001
0.001	0.115	0.883	0.001
0.014	0.001	0.984	0.001
0.001	0.997	0.001	0.001
0.012	0.791	0.196	0.001
0.001	0.146	0.852	0.001
0.001	0.997	0.001	0.001
0.001	0.885	0.113	0.001
0.001	0.117	0.881	0.001
>CAGCGGCGGCGG	CAGCGGCGGCGG	12.844536	-1333.915030	0	T:310.0(0.80%),B:0.6(0.00%),P:1e-579
0.001	0.904	0.001	0.094
0.622	0.227	0.001	0.150
0.001	0.001	0.997	0.001
0.108	0.841	0.001	0.050
0.001	0.054	0.889	0.056
0.001	0.001	0.997	0.001
0.001	0.772	0.195	0.032
0.001	0.027	0.971	0.001
0.001	0.161	0.837	0.001
0.001	0.997	0.001	0.001
0.092	0.095	0.777	0.036
0.036	0.054	0.909	0.001
>GCGCGGCCGCGT	GCGCGGCCGCGT	10.409522	-664.138253	0	T:177.0(0.46%),B:1.5(0.01%),P:1e-288
0.100	0.100	0.700	0.100
0.100	0.700	0.100	0.100
0.100	0.100	0.700	0.100
0.100	0.700	0.100	0.100
0.100	0.100	0.700	0.100
0.100	0.100	0.700	0.100
0.100	0.700	0.100	0.100
0.100	0.700	0.100	0.100
0.100	0.100	0.700	0.100
0.100	0.700	0.100	0.100
0.100	0.100	0.700	0.100
0.100	0.100	0.100	0.700
>GBCCGGGGCGCC	GBCCGGGGCGCC	11.689437	-979.717522	0	T:306.0(0.79%),B:3.3(0.01%),P:1e-425
0.011	0.071	0.889	0.029
0.024	0.300	0.269	0.407
0.004	0.847	0.131	0.018
0.016	0.818	0.109	0.057
0.018	0.088	0.825	0.069
0.033	0.097	0.860	0.010
0.023	0.020	0.952	0.005
0.025	0.075	0.880	0.020
0.050	0.918	0.017	0.015
0.019	0.045	0.899	0.037
0.005	0.883	0.102	0.010
0.021	0.820	0.120	0.039
>GCGCCCCCCCTC	GCGCCCCCCCTC	11.271039	-580.536442	0	T:371.0(0.96%),B:20.4(0.08%),P:1e-252
0.015	0.234	0.726	0.025
0.021	0.910	0.043	0.026
0.020	0.066	0.875	0.039
0.009	0.927	0.051	0.013
0.028	0.846	0.093	0.033
0.017	0.823	0.102	0.058
0.022	0.706	0.167	0.105
0.045	0.772	0.133	0.050
0.038	0.809	0.081	0.072
0.017	0.935	0.020	0.028
0.020	0.095	0.171	0.714
0.006	0.956	0.027	0.011
>GAGTCCCGGCGC	GAGTCCCGGCGC	11.559734	-788.910098	0	T:203.0(0.52%),B:0.6(0.00%),P:1e-342
0.016	0.048	0.927	0.009
0.705	0.120	0.145	0.030
0.011	0.029	0.942	0.018
0.039	0.219	0.166	0.576
0.005	0.937	0.047	0.011
0.020	0.942	0.024	0.014
0.093	0.777	0.086	0.044
0.031	0.083	0.861	0.025
0.015	0.103	0.875	0.007
0.068	0.847	0.068	0.017
0.020	0.216	0.706	0.058
0.009	0.906	0.071	0.014
>CCGGGAACGCGG	CCGGGAACGCGG	10.409522	-626.492652	0	T:169.0(0.44%),B:1.1(0.00%),P:1e-272
0.100	0.700	0.100	0.100
0.100	0.700	0.100	0.100
0.100	0.100	0.700	0.100
0.100	0.100	0.700	0.100
0.100	0.100	0.700	0.100
0.700	0.100	0.100	0.100
0.700	0.100	0.100	0.100
0.100	0.700	0.100	0.100
0.100	0.100	0.700	0.100
0.100	0.700	0.100	0.100
0.100	0.100	0.700	0.100
0.100	0.100	0.700	0.100
>CCGGCGAGCAGG	CCGGCGAGCAGG	11.764161	-678.349626	0	T:180.0(0.46%),B:0.5(0.00%),P:1e-294
0.028	0.826	0.132	0.014
0.031	0.820	0.116	0.033
0.035	0.041	0.892	0.032
0.010	0.041	0.946	0.003
0.076	0.806	0.093	0.025
0.014	0.075	0.902	0.009
0.522	0.148	0.278	0.052
0.004	0.045	0.944	0.007
0.025	0.912	0.059	0.004
0.606	0.127	0.174	0.093
0.006	0.034	0.955	0.005
0.016	0.101	0.871	0.012
>GGMCGCCCGCGC	GGMCGCCCGCGC	11.453198	-1728.227859	0	T:383.0(0.99%),B:0.0(0.00%),P:1e-750
0.038	0.137	0.802	0.023
0.009	0.094	0.892	0.005
0.406	0.310	0.254	0.030
0.050	0.877	0.058	0.015
0.019	0.086	0.858	0.037
0.010	0.918	0.065	0.007
0.019	0.907	0.068	0.006
0.024	0.835	0.125	0.016
0.015	0.092	0.868	0.025
0.029	0.834	0.124	0.013
0.007	0.066	0.881	0.046
0.011	0.924	0.060	0.005
>CGCGGCGCCTTC	CGCGGCGCCTTC	10.409522	-584.595687	0	T:160.0(0.41%),B:1.6(0.01%),P:1e-253
0.100	0.700	0.100	0.100
0.100	0.100	0.700	0.100
0.100	0.700	0.100	0.100
0.100	0.100	0.700	0.100
0.100	0.100	0.700	0.100
0.100	0.700	0.100	0.100
0.100	0.100	0.700	0.100
0.100	0.700	0.100	0.100
0.100	0.700	0.100	0.100
0.100	0.100	0.100	0.700
0.100	0.100	0.100	0.700
0.100	0.700	0.100	0.100
>CTCTGGGGCGCG	CTCTGGGGCGCG	10.409522	-575.353095	0	T:158.0(0.41%),B:1.0(0.00%),P:1e-249
0.100	0.700	0.100	0.100
0.100	0.100	0.100	0.700
0.100	0.700	0.100	0.100
0.100	0.100	0.100	0.700
0.100	0.100	0.700	0.100
0.100	0.100	0.700	0.100
0.100	0.100	0.700	0.100
0.100	0.100	0.700	0.100
0.100	0.700	0.100	0.100
0.100	0.100	0.700	0.100
0.100	0.700	0.100	0.100
0.100	0.100	0.700	0.100
>CSCCGGGGGCCG	CSCCGGGGGCCG	11.974785	-1467.186324	0	T:335.0(0.86%),B:1.0(0.00%),P:1e-637
0.001	0.715	0.283	0.001
0.064	0.523	0.412	0.001
0.001	0.972	0.026	0.001
0.001	0.997	0.001	0.001
0.097	0.299	0.470	0.134
0.001	0.227	0.771	0.001
0.001	0.273	0.725	0.001
0.001	0.001	0.997	0.001
0.001	0.030	0.968	0.001
0.001	0.997	0.001	0.001
0.034	0.879	0.060	0.027
0.001	0.038	0.960	0.001
>AAAAAAAAAAAA	AAAAAAAAAAAA	8.727325	-141.242706	0	T:3248.0(8.37%),B:1535.7(6.24%),P:1e-61
0.818	0.088	0.030	0.064
0.851	0.051	0.034	0.064
0.858	0.046	0.021	0.075
0.846	0.038	0.028	0.088
0.846	0.033	0.038	0.083
0.846	0.032	0.033	0.089
0.835	0.047	0.040	0.078
0.803	0.060	0.054	0.083
0.804	0.047	0.041	0.108
0.817	0.048	0.043	0.092
0.846	0.039	0.045	0.070
0.830	0.045	0.064	0.061
